1108430328727855104
1108379748923817985
1108379074060341250
1108371593116426240
1108365544313577474
1108361404715843584
1108359387767296000
1108353765839695874
1108351125739241474
1108344839014363136
1108343733098037255
1108342728671281152
1108341159171186695
1108194179593748480
1108157088931430401
1108152704273129474
1108103130514903042
1108063300347154436
1108039966951649282
1108005592784883712
1108003723874353152
1108003424707244035
1108002953351389190
1108001826249625603
1107994516739502080
1107993431299817475
1107990927669452800
1107989427396243462
1107987890146103297
1107848147890552832
1107808964627058693
1107778926284361731
1107740826707337216
1107650206206779392
1107648130160476160
1107644101116284929
1107643223617536001
1107642867143577600
1107636827421401089
1107635742686220289
1107633070235152384
1107628810193813504
1107626888929923072
1107625230783184896
1107399772602814464
1107374811112751104
1107101332408844288
1107070495437082626
1106987583836508160
1106767225552293889
1106660339129688064
1106597750844604416
1106576801814454272
1106571937789198336
1106565774163001344
1106565473955708928
1106563267282063363
1106558604486852609
1106556285942710272
1106555407332458497
1106554476247298048
1106552885343588352
1106550770143580160
1106548059159388162
1106545001637601281
1106351060917125120
1106326681659342849
1106233964702957568
1106203420002844673
1106198158663663616
1106198003717730308
1106195956125626369
1106192837773836288
1106188553011249152
1106185417970323456
1106179630233456640
1106177336439902208
1106175997160894466
1105983315088166912
1105858323063160832
1105680547223953408
1105517913858031616
1105496115745615872
1105494428586819585
1105493931054325760
1105493687604142080
1105487329228218368
1105463313910112256
1105462374591614979
1105461333343064064
1105459883703443461
1105458524245630977
1105297934202138626
1105221409138188288
1105124111515299841
1105121509754982400
1105119982810267649
1105114291164856320
1105112289471012865
1105110754435448833
1105108874741338112
1105108236183789568
1105106712388923393
1105101200435957763
1105095411340066816
1105093451094376454
1105092528766939137
1105090665912979457
1105085854744223747
1104910131551186944
1104824064428904449
1104387908235083777
1104148315439026176
1104041788053032961
1104024580417613824
1104023941297963008
1104015667202834433
1104014466600108032
1104014329375084544
1104008259080540161
1104005719182008320
1104004974990761984
1104000556597735424
1103847184645132289
1103787108634951681
1103697372935270400
1103689045807386625
1103688354556772353
1103686843231551490
1103685238880956416
1103673669086253056
1103672960034971648
1103670304168206343
1103669645805006848
1103669201284317185
1103655677745082368
1103655144850378753
1103649042804953090
1103641381896183808
1103640504040914945
1103638827342680065
1103636615933632513
1103468310828597248
1103448153032925184
1103367129045364738
1103363816010801152
1103357705119514624
1103302185213939712
1103297795262435330
1103296507841781762
1103296473603735557
1103292199293337605
1103286019737178112
1103282775644389383
1103281657883357186
1103280460124299264
1103104145500917760
1102715776656728064
1102381348080283648
1102271064049098753
1102002034205753344
1101963682618265601
1101874932479332353
1101688441560018944
1101499921151217665
1101494306920120322
1101491576017170432
1101489974539702272
1101489128837910528
1101488703766175745
1101485181091889152
1101483175954579456
1101481226089709569
1101477850832650240
1101476524933435393
1101319452510040064
1101317500690673665
1101314670802206720
1101312505652101121
1101311714224676864
1101310262324408321
1101308059698294784
1101305767771152384
1101301983162585091
1101301624675405825
1101301086969835526
1101300571980603392
1101297565700632577
1101295790054621184
1101293148700098560
1101292515393720322
1101290972556771328
1101287836253343744
1101285593022062592
1101258042421796865
1101242868772016128
1101213141457879040
1101135960459436036
1101124382251012096
1101124265309548550
1101121241333796865
1101118772612661249
1101117310692143105
1101116220697468930
1101115256842190849
1101114200129224704
1101109091408187392
1100962155132829696
1100923783437840385
1100770271588425728
1100768106232860673
1100764559374192640
1100755623996727296
1100753825261125633
1100555278242729985
1100394944097935360
1100391673291517953
1100386057558941696
1100383515068248071
1100225231078244352
1100055580897611777
1100050376051646465
1100040372087078912
1100038872459812864
1100034762029318144
1100034192166060032
1100031583673896967
1100030034528665600
1100025255941337089
1100024252554723330
1100021318198718464
1100018914992496640
1100018085053038593
1100017097361502208
1100015387251478529
1100014105954529280
1099849809878568961
1099769401329532928
1099492540401795073
1099464725098835969
1099098246033616896
1099053443413696512
1098763185845346306
1098669479092019201
1098619894990622723
1098430914336616448
1098413787789647874
1098408193145872386
1098407629746044930
1098405815499874304
1098404721646338048
1098402857982803968
1098399176860360704
1098395777716621313
1098392316790878209
1098385486148599814
1098384361068453894
1098292368019730434
1098264885509668865
1098228236750897152
1098225545156927488
1098225028380930048
1098223212054437889
1098221390107430912
1098219551144185859
1098215934962163712
1098211584785162241
1098038973073711107
1097856472426393600
1097855566905593856
1097850285664468992
1097849614953263105
1097679541961744384
1097503995931869184
1097497154539741184
1097494716038418433
1097491710165295104
1097488607684816896
1097483822373974016
1097479748824064002
1097477965594673152
1097477141044883456
1097474814795751429
1097473174780952576
1097472198904819715
1097320968123572224
1097307049933844480
1097235568465985542
1096950344217739265
1096938171433172993
1096930585145004032
1096910339378163713
1096907269609082880
1096906479217582081
1096852901094481921
1096582849547915264
1096563336794251265
1096543660689244160
1096519102699573248
1096426427535290368
1096425512472334336
1096420418708275200
1096412970127712257
1096411909476229120
1096411559717425158
1096409515577303040
1096404722578350081
1096400906193649664
1096398080004505600
1096206398860521472
1095830993771130880
1095744395750621184
1095742559031386119
1095737467129470979
1095736070937997317
1095709295457562624
1095701825846759424
1095699383960719360
1095691706887012352
1095689545679622144
1095687444756873218
1095685743870177280
1095685013390151680
1095683998137937921
1095682591540342784
1095679509523771394
1095467217897078785
1095345644997349377
1095345122793930752
1095342090236637184
1095323554374139904
1095321749011513351
1095321484728385536
1095320421107490816
1095319172555423747
1095313639702114304
1095313237611040769
1095312005622321152
1095311047743991810
1095120067816239104
1095022653809790977
1094983709944672257
1094982302332080133
1094980664259162114
1094979626785533955
1094959283236675584
1094951187185627136
1094950381942124545
1094948564101414912
1094946969427021826
1094946081715171329
1094945686804725762
1094944185994612737
1094941522666180608
1094738863992565761
1094634941852336129
1094418207295897602
1094401865914220546
1094387264199761920
1094379563617001472
1094376537766404096
1094252785351184384
1094062335147294725
1094031457289424902
1093995691830116358
1093968191628472320
1093943877541773312
1093874714227937280
1093871368607883264
1093868422948179970
1093865713192919040
1093863976855838721
1093863181422944256
1093862349491093506
1093861816701280257
1093860151814250497
1093857125212868608
1093856458217848834
1093854014033313792
1093669065900609541
1093667497415528448
1093631883987087363
1093628280324927488
1093560890320928770
1093554176699846657
1093544595424710656
1093543807528943626
1093542809225834501
1093537413425704963
1093533807179976704
1093510003531620354
1093508348258017280
1093505334801547264
1093504318098100224
1093503401240002561
1093500312982302720
1093499187575095297
1093498086276694017
1093328538185449472
1093318961440149509
1093291343009538050
1093287681717604354
1093285929698115585
1093199674557820929
1093186161072312320
1093185716736139264
1093184666083958784
1093183711598784512
1093183156717535233
1093181286720724992
1093180476272058375
1093179381206470656
1093178363202686981
1093176943770521600
1093138947973279744
1092976130347466752
1092970035579154432
1092968241507389440
1092931737531936770
1092930548354420736
1092923779406286848
1092921275700391937
1092918290438123520
1092917136589312002
1092914499428986881
1092912352113106951
1092911172502851587
1092887729585704960
1092829030942941185
1092802111929241608
1092801956802936833
1092799259924156416
1092796310330195970
1092795819961602057
1092795219756662787
1092793900333494273
1092793060264681473
1092789133897072640
1092788163154796544
1092783851762601984
1092782251543273472
1092767882205954048
1092766683876524032
1092764579069902848
1092762896570961920
1092759433371889667
1092602439151300608
